01 100016
02 100024
03 100032
04 100040
05 100057
06 100065
07 100073
08 100081
09 100099
10 100107
11 100115
12 100511
13 100529
14 100537
15 100545
16 100552
17 100560
18 100578
19 100586
20 100594
21 100602
22 100610
23 100628
24 100636
25 100644
26 100651
27 100669
28 100677
29 100685
30 100693
31 100701
32 100719
33 100727
34 100735
35 100743
36 100750
37 100768
38 100776
39 100784
40 100792
41 100800
42 100818
43 100826
44 100834
45 100842
46 100859
47 100867
48 100875
49 100883
50 100891
51 100909
52 100917
53 100925
54 100933
55 100941
56 100958
57 100966
58 100974
59 100982
60 100990
61 101006
62 101014
63 101022
64 101030
65 101048
66 101055
67 101063
68 101071
69 101089
70 101097
81 101105
82 100123
83 101113
