02 23002
03 23003
04 23004
05 23005
06 23006
07 23007
08 23008
09 23009
10 23010
11 23011
12 23012
13 23013
14 23014
15 23015
16 23016
17 23017
18 23018
19 23019
20 23020
21 23021
22 23022
23 23023
24 23024
25 23025
26 23026
27 23027
28 23028
29 23029
30 23030
31 23051
32 23052
33 23053
34 23054
35 23055
36 23033
37 23033
38 23058
39 23059
40 23032
41 23061
42 23062
43 23063
44 23064
45 23065
46 23034
47 23067
48 23068
49 23069
50 23070
51 23071
52 23072
53 23073
54 23031
55 23075
56 23076
57 23077
58 23078
59 23079
60 23080
61 23081
62 23082
63 23083
64 23084
65 23085
66 23086
67 23087
68 23088
69 23089
70 23090
71 23091
72 23092
73 23093
74 23094
75 23095
76 23096
77 23097
78 23098
79 23099
80 23100
81 23101
82 23102
83 23103
84 23104
85 23105
86 23106
87 23107
88 23108
