154013 39151014 ̶ʿԡ
154021 39151022 ʿԡ
154039 39151030 ʿԡ
154047 39151048 ʿԡ
154054 39151055 նʿԡ
154062 39151063 ʿԡ
154070 39151071 ʿԡ
154088 39151089 ʿԡ
150029 39152020 Ĺ
150037 39152228 ۻ
150045 39152046 
150052 39152053 
150060 39152061 ȯĻ
150086 39152087 ë
150094 39152095 л
150110 39152111 
150128 39152129 ¼
150151 39152160 
150169 39152178 ̯
150177 39152186 
150219 39152236 
150227 39152244 ϻ
150235 39152251 »
150243 39152269 »
150250 39152103 Į
150268 39152277 
150276 39152137 
150565 39153077 Į̳
150664 39153424 ɧ¼
150763 39153614 ľĮ
150888 39154059 бĮʻ練
150912 39154414 Į̵·
150987 39154612 Į·
151035 39154828 Į·
151076 39155049 ¼ʴ
151282 39155817 ¼ʴ
151332 39155866 籺¼ʴ
151431 39153853 Į
